  -2.40000000000000                1           2           0           0
  -2.40000000000000                1           8           0           0
  -2.40000000000000                2           3           0           0
  -2.40000000000000                2           7           0           0
  -2.40000000000000                3           4           0           0
  -2.40000000000000                3           6           0           0
  -2.40000000000000                4           5           0           0
  -2.40000000000000                8           7           0           0
  -2.40000000000000                8           9           0           0
  -2.40000000000000                7           6           0           0
  -2.40000000000000                7          10           0           0
  -2.40000000000000                6           5           0           0
  -2.40000000000000                6          11           0           0
  -2.40000000000000                5          12           0           0
  -2.40000000000000                9          10           0           0
  -2.40000000000000                9          16           0           0
  -2.40000000000000               10          11           0           0
  -2.40000000000000               10          15           0           0
  -2.40000000000000               11          12           0           0
  -2.40000000000000               11          14           0           0
  -2.40000000000000               12          13           0           0
  -2.40000000000000               16          15           0           0
  -2.40000000000000               15          14           0           0
  -2.40000000000000               14          13           0           0
   11.2600000000000                1           1           1           1
   11.2600000000000                2           2           2           2
   11.2600000000000                3           3           3           3
   11.2600000000000                4           4           4           4
   11.2600000000000                5           5           5           5
   11.2600000000000                6           6           6           6
   11.2600000000000                7           7           7           7
   11.2600000000000                8           8           8           8
   11.2600000000000                9           9           9           9
   11.2600000000000               10          10          10          10
   11.2600000000000               11          11          11          11
   11.2600000000000               12          12          12          12
   11.2600000000000               13          13          13          13
   11.2600000000000               14          14          14          14
   11.2600000000000               15          15          15          15
   11.2600000000000               16          16          16          16
